23778148
84809345
48203000
24649000
470123263
49771670
267007920
152797000
82058000
484475057
986777
317194
286306
3565533
997649
1041354
1976537
605263
606104
966829
299074
274550
93826598
335560148
200038891
94876537
51070411
174298944
100002636
51539420
994485
3517478
2004062
1009162
490978
1657844
1000389
492594
461654
1604621
955003
462277
484786
1794885
1019410
483467
30795078
7479528
26722782
16770000
8379000
30547825
1181750
4043040
2517000
1254000
4800000
15405496
53112080
33339000
16545000
63986968
